1000 1400
1002 0048
1004 0000
1006 0000
1008 0028
1010 0000
1013 1021
1012 3000
1014 0048
1016 0000
1018 3C10
1020 0300
1022 0000
1024 0C00
1026 0000
1028 0000
1030 0C00
1032 0048
1034 0000
1022 1042
1028 1045
1036 0800
1038 004C
1040 0000
1042 454F
1044 4600
1046 0003
1010 1048
1037 1051
1001 1051
1031 1054
1007 1054
1025 1057
1004 2057
1048 0000
1050 0004
1052 1048
1054 0010
1056 48E0
1058 0000
1060 3020
1062 63D8
1064 0000
1066 2810
1068 4830
1070 0000
2076 2087
1072 5410
1074 572C
1076 0000
1078 3820
1080 6310
1082 1054
2070 2093
2064 2093
2082 2094
1034 2097
1016 2097
1084 4C00
1086 00F1
1088 0040
1090 9604
1092 1048
1094 E000
1097 0030
1099 2100
1101 5010
1103 57DC
1105 0000
1107 2C10
2110 5421
2101 2121
1109 2138
1111 2100
1113 4C00
1115 0005
